38,25,19,19,2,2,62,28,103,96,18,24,80
9,9,8,19,2,38,45,83,2,38,74,5
1,16,11,75,35,53,2,4
19,22,5,39,36,5,130,5
4,3,22,25,5,2,4,96,2,2,95,32,14,71,77,13,1,5,85,14,24
74,5,70,5
2,9,10,9,2,17,34,14,50,5,159,152,71,5,148
21,1,38,63,18,107,22,18,51,69,56,68
37,24,1,18,146,18,101,44,151
3,9,3,17,138,17,27,15,132,5,64,76
2,9,138,7,31,40,37,4,65,24,17,18,5
9,41,1,22,18,2,5,66,75,71,20
36,83,57,2,1,123,59,22,4,2,69,131,65,75,74,114,129,123,17
2,25,19,21,2,50,102,18,16,5
7,80,12,2,8,5,14
64,128,5,10,9,50,3,73,32,3,129
38,4,18,4,51,5,8,22,20,71,82
16,45,26,49,22,119,154,69
21,32
25,25,36,113,5,71,11,95,44,18
5,61,45,76,78,18,1,11
19,8,2,12,114,74
83,74,50,22,19,69,10,137,18,5,26,13,74,38,36,45,15
42,22,1,4
25,29,27,64,60,71
12,22,80,74,7,19,22,65,22,130,25,18,51,119,5,11,62
23,5,152,21,32,72,5,2,17
53,66,38,5,5,22,25,11,78,35,66,158,17
51,29
49,4,58,60,4,6,26
26,18,58,38,11,83,74,4,22,74,83,60,2,44,24,71
1,10,19,9,12,38,115,126,24,51,5,5
3,17,1,85,69,44,18,104,36
2,2,19,18,3,2,44,18,75,5,56,75,83,72
12,92
9,7,1,18,71,83,5,100,154,25
4,3,2,19,81,23,70,74,53,37,3,11,11,2,114,154,74,36,12
80,5
1,10,18,2,22,66,13,5,46,83,5
21,10,1,106,18,75,20,51,65,2
8,7,2,51,17,4
7,1,114,5,76,2,2,118
1,22,4,45
10,12,22,66,53,18,11,18,81
2,23,24,17
121,45,3,11,38,38
5,5,54,1,2,38
11,9,83,15,2,37,65,70
57,64,74,88,46,115,2,4,96,18,18,49,136,104
42,1,4,1,4,23,21,38,32,21,5,60,47,27,50,136,71,75,84,71
16,23,9,4,18,11,17,10,38,38,8,22,18,18,74,71,70,52,100,49,21,2,71,40,27,128,39
21,10,115,38,2,4,24,75,5,38,35,2
9,68,50,7,4,73,70,38,12
17,18,23,44,38,56
3,74,29,4,135,2
38,1,69,64,80,76,38,62
22,19,18,10,4,17,22,4
19,80,51,85,89
2,1,38,74,8,49,22,81,12,59,14,51,50,70
4,1,18,29,2,2,2,4,11,74,116,119,83,146,71,110
5,2,65,7
119,22,60,22,2,5,4
9,8,32,21,1,1,1,51,95,38,5,2,119,117
22,2,50,4,73,71
21,5,2,1,23,27,1,14
23,38,89,18
50,1,20,23,76,136,12,5,72,69
7,32,60,44
18,131,12
9,29,25,4
3,48,45,18,20,3,20,106,17,72,136,69
28,12,103,125,158,146,73,39,71,65
9,3,9,7,64,17,5,36,12,101,136
29,9,19,10,19,2,2,11,11,17,20,27,17
1,5,25,4,83,24,38,22,5,11,20,46,97,38
9,45,10,83,5,38,27
5,32,66,17,121,114
22,75,25,82,38
27,4,15,1,9,1,16,44,18,2,2,50,49,24,78,18
8,17,70,96,4
23,21,53,76,2,38,105
3,4
22,4,7,71,18,38,44
5,4,8,25,5,58,7,38,45,37,38,74,11,70
19,37,19,38,4,29,2,27,3,6,49,158,2,83,2,26,53,14,154,83,156
1,2,18,57,4,59,26,69,78
18,116
58,19,139,8,53,2,136,18,18,114,39,24
9,5,68,22,38,40,50,19,18,4,80,71,15,4,81,69,17,44,75,50
51,69
19,19,1,1,46,118,21,2,2,28,38,22,2,4,39,20,44,115,80,34
13,17,18,62,23,69,71,34
3,12
1,9,2,74,71,19,59,38,74,45,45,22,2,2,17,71,154
1,25,40,22,5,7,18,9,7,1,75,53,114,4,17,71,59,2,25,51,65,104,5,104
89,22,3,23,125,20
38,96,40,21,2,163,16,11,46,18
5,2,20,4,41,43,74
4,18,22,83,49,75,39,65,20,56
58,147,10,115,37,18,24,96,138,160
23,18,69,4,18,2,5,18,37,22
17,18,1,2,4,83
7,107,7,10,8,71,66,28,5,28,89,124,5,44,2,5,71,44,24,103
20,24,80,33,2,25,24,79,74,71,40,73
7,45,3,3,14,75,35,80,70,2,70,24
2,24,29,78,17,38,70,38,11,18,70,14,80,18,62,45,136,61
8,17,2,103,34,75,35,4,38,64,74
77,58,156,44
23,50,45,2,163,15,25,18,78,69,44
28,52,10,19,14,22,22,64,51,71,71,20,71,7,83,80
4,4,74,30,18,11,18,22
9,10,44,4,60,83,4,20,4,20,5,17,5,61,22,49,108,16,114,38,99,44,59,38
57,2,74
2,29,88,3,50,26,67,5,11,18,62,41,75,54,24,45,25,76
40,2
24,57,7,38,4,54,64,1,159,4,20,44,15,1,83,35,118
27,71
17,22,10,7,75,136
23,75,3,5,38,5,2,73,18,99,85
18,38,50,96
47,19,54,22,5,7,24,71,70,70,5
28,44,23,5,2,22,114,74,119
9,4,5,7,11,71,24,70,38,64,38,131
57,9,15,61,27,83,38,69,75,75
40,2,160,158,36,78,18,56,60,71,158,20,53
17,1,9,51,60,22,60,18,70,152,38
4,38,103,50,4,2,5,2,71,80
45,23,19,18,27,69,2,5,24,71,114,159,71
4,60,24,73,44,20,18
59,2,19,71,11,4,38,11,51,38
37,4,1,1,1,5,22,125,7,7,8,16,2,4,12,16,71,158,20
2,4,150,4,35,25
2,5,7,22,16,114
1,5,1,23,28,20,128,62,25
3,68,9,4,4,45,85,115
1,104,26,5,18,5,83,2,38
10,4,44,5,20,114,122,38
38,28,2,64,23,2,89,35,38,38,73,62
59,57,25,38,10,23,22,22,2,42,74,69,69,27,83,83
1,20,22,4,50,38
23,2,75,4,18,17,70,50,3,26,38,71,45,22,65,134,76,128,18,115
36,38,53,39,2,101
38,23,18,19,23,22,38,2,4,1,71,83,18,38,4,52,119,78,76
142,38,50,75,10,18,18
4,25,3,119,12,35,26,5,64,17
26,45,3,128,24
2,23,38,31,5,69,36,38
2,11,9,10,100,1,40,58,128,154,2,5,123,50,25,164,77
22,7,19,84,4,2,25,5,75
2,9,2,19,88,111,82,18
